noise_weight: 0.0
mean_line: tensor([7.3005, 4.0005, 2.8456, 2.4782, 2.1064, 1.3544, 1.1958])
std_line: tensor([0.3776, 0.4114, 0.3259, 0.1814, 0.1987, 0.0674, 0.0507])
noise_weight: 0.1
mean_line: tensor([7.0186, 4.0671, 2.8679, 2.4463, 2.1943, 1.3166, 1.1984])
std_line: tensor([0.5770, 0.3597, 0.3312, 0.1836, 0.1277, 0.0446, 0.0285])
noise_weight: 0.5
mean_line: tensor([6.9886, 4.1374, 2.8089, 2.4969, 2.0879, 1.3806, 1.1989])
std_line: tensor([0.5038, 0.3569, 0.3418, 0.2439, 0.1508, 0.0407, 0.0386])
noise_weight: 1.0
mean_line: tensor([7.1053, 3.9710, 2.7992, 2.4401, 2.1799, 1.3562, 1.2151])
std_line: tensor([0.6059, 0.3647, 0.2868, 0.1899, 0.1439, 0.0621, 0.0390])
