train_sizes: [1000, 2500, 5000, 7500, 10000, 30000, 60000]
noise_weights: [0.0, 0.1, 0.5, 1]
noise_weight 0.0 train_size 1000
8.101542472839355 6.627910614013672 7.603090763092041 7.056206703186035 7.418375015258789 7.2530364990234375 7.205141067504883 7.200009822845459 7.251033782958984 7.28912353515625 
noise_weight 0.0 train_size 2500
3.731761932373047 4.294410705566406 4.119663715362549 3.5103325843811035 4.2765655517578125 3.3583052158355713 4.258269309997559 4.376891613006592 3.5864648818969727 4.492380142211914 
noise_weight 0.0 train_size 5000
2.8029747009277344 2.551633834838867 3.1946816444396973 2.371908187866211 2.9967448711395264 3.2702295780181885 2.685706615447998 2.42439341545105 3.0217926502227783 3.1360561847686768 
noise_weight 0.0 train_size 7500
2.469923973083496 2.316065788269043 2.3088266849517822 2.549722194671631 2.4934866428375244 2.524275779724121 2.2279350757598877 2.661242723464966 2.3920464515686035 2.838740825653076 
noise_weight 0.0 train_size 10000
2.1400868892669678 2.0327587127685547 2.256751537322998 2.2570598125457764 2.3962361812591553 1.853622317314148 2.1783504486083984 1.8164889812469482 1.8885338306427002 2.2440335750579834 
noise_weight 0.0 train_size 30000
1.3513298034667969 1.3800156116485596 1.5081274509429932 1.2885464429855347 1.3061683177947998 1.3785392045974731 1.3824543952941895 1.3658708333969116 1.306566596031189 1.2761878967285156 
noise_weight 0.0 train_size 60000
1.233996033668518 1.1501185894012451 1.2723748683929443 1.1937464475631714 1.233108639717102 1.1649906635284424 1.1789740324020386 1.1266911029815674 1.146080732345581 1.2576310634613037 

noise_weight 0.1 train_size 1000
7.840806484222412 7.696015357971191 6.757244110107422 6.232889175415039 6.944911956787109 6.095637321472168 7.073296546936035 7.260018348693848 7.4795684814453125 6.806081771850586 
noise_weight 0.1 train_size 2500
4.463225364685059 3.8948960304260254 4.12856912612915 4.463759422302246 3.8899428844451904 3.258143186569214 3.9688496589660645 4.360198974609375 4.000392913818359 4.243190288543701 
noise_weight 0.1 train_size 5000
2.5054543018341064 3.1471424102783203 3.16081166267395 2.5771169662475586 2.828705310821533 2.37056303024292 3.1844096183776855 2.587327480316162 3.2311322689056396 3.0864930152893066 
noise_weight 0.1 train_size 7500
2.4209961891174316 2.461500883102417 2.431295394897461 2.166490077972412 2.58441424369812 2.6537294387817383 2.523899555206299 2.7241015434265137 2.235408306121826 2.2612552642822266 
noise_weight 0.1 train_size 10000
2.3962669372558594 2.1161093711853027 2.2244467735290527 2.1148898601531982 2.299647808074951 2.2641448974609375 2.168945789337158 2.203186511993408 2.233708620071411 1.921589732170105 
noise_weight 0.1 train_size 30000
1.3324052095413208 1.2664233446121216 1.3348277807235718 1.3534125089645386 1.2403931617736816 1.2984644174575806 1.3730748891830444 1.270374059677124 1.3491828441619873 1.3469771146774292 
noise_weight 0.1 train_size 60000
1.1975914239883423 1.1958431005477905 1.2412495613098145 1.1620721817016602 1.2247374057769775 1.1586722135543823 1.2072190046310425 1.2212095260620117 1.2111692428588867 1.1646437644958496 

noise_weight 0.5 train_size 1000
6.984601020812988 7.48900032043457 7.26338005065918 7.541748046875 7.368045806884766 6.78315544128418 6.837213516235352 6.663235664367676 5.839122295379639 7.116994857788086 
noise_weight 0.5 train_size 2500
4.47498893737793 4.2328200340271 3.349353075027466 4.319013595581055 4.4755449295043945 3.720407485961914 4.124452590942383 4.06096076965332 4.217646598815918 4.399075031280518 
noise_weight 0.5 train_size 5000
2.6730668544769287 3.000847339630127 3.075850486755371 2.981633186340332 3.185899257659912 2.3378946781158447 2.363525152206421 2.352618932723999 3.062197685241699 3.055009365081787 
noise_weight 0.5 train_size 7500
2.8053884506225586 2.15757155418396 2.315382480621338 2.8959481716156006 2.407393217086792 2.5292086601257324 2.388758659362793 2.248917818069458 2.4988768100738525 2.7218337059020996 
noise_weight 0.5 train_size 10000
2.1739158630371094 2.0261952877044678 2.2903006076812744 2.036510705947876 1.9264423847198486 1.9282355308532715 2.098498821258545 1.8850767612457275 2.2568342685699463 2.256795644760132 
noise_weight 0.5 train_size 30000
1.3883724212646484 1.4191923141479492 1.4105685949325562 1.3457849025726318 1.4285786151885986 1.3136988878250122 1.408079743385315 1.4077582359313965 1.339126467704773 1.3447151184082031 
noise_weight 0.5 train_size 60000
1.1896717548370361 1.1956048011779785 1.286266565322876 1.2170535326004028 1.1889653205871582 1.1758934259414673 1.1523051261901855 1.1858183145523071 1.1642882823944092 1.2335566282272339 

noise_weight 1 train_size 1000
6.512056350708008 7.6162261962890625 7.938373565673828 7.759829521179199 6.510991096496582 7.29971170425415 6.758279323577881 6.242101669311523 6.825686454772949 7.589466094970703 
noise_weight 1 train_size 2500
3.4933035373687744 3.4809560775756836 4.301030158996582 4.490083694458008 4.043271064758301 3.535162925720215 4.128633499145508 3.9282352924346924 4.329066276550293 3.9798994064331055 
noise_weight 1 train_size 5000
2.733004093170166 3.0354137420654297 2.6695923805236816 2.2977681159973145 3.206545114517212 3.092045783996582 2.6360034942626953 2.97322416305542 2.484109878540039 2.8640995025634766 
noise_weight 1 train_size 7500
2.452155113220215 2.753119468688965 2.5010828971862793 2.3869762420654297 2.3882203102111816 2.2350242137908936 2.6179745197296143 2.5768861770629883 2.4007818698883057 2.0888891220092773 
noise_weight 1 train_size 10000
2.1024343967437744 1.9136732816696167 2.188384532928467 2.2542195320129395 2.327242374420166 2.3455851078033447 2.1531028747558594 2.2622687816619873 1.9819138050079346 2.269965171813965 
noise_weight 1 train_size 30000
1.4889189004898071 1.2808698415756226 1.3215690851211548 1.2906863689422607 1.3295272588729858 1.365438461303711 1.3659181594848633 1.3600722551345825 1.3349170684814453 1.4236359596252441 
noise_weight 1 train_size 60000
1.2115284204483032 1.248434066772461 1.1344983577728271 1.2546566724777222 1.25572669506073 1.234640121459961 1.1744545698165894 1.2326815128326416 1.1921515464782715 1.2120347023010254 

