noise_weight: 0.0
mean_line: tensor([9.9010, 6.4808, 4.9689, 4.6383, 4.3078, 3.5140, 3.4504])
std_line: tensor([0.6566, 0.3945, 0.3732, 0.2936, 0.2551, 0.1974, 0.1812])
noise_weight: 0.1
mean_line: tensor([9.6080, 6.2427, 5.1891, 4.6979, 4.4469, 3.7410, 3.4333])
std_line: tensor([0.6325, 0.4217, 0.1394, 0.2591, 0.2475, 0.1226, 0.2353])
noise_weight: 0.5
mean_line: tensor([8.8913, 5.0906, 3.7182, 3.6299, 3.3281, 2.5548, 2.4494])
std_line: tensor([0.2450, 0.0781, 0.0786, 0.1089, 0.0614, 0.0624, 0.0647])
noise_weight: 1.0
mean_line: tensor([4.3524, 2.1684, 1.4240, 1.3955, 1.3441, 0.9314, 0.9770])
std_line: tensor([0.1266, 0.1514, 0.0939, 0.0669, 0.0927, 0.0814, 0.0750])
