train_sizes: [1000, 2500, 5000, 7500, 10000, 30000, 60000]
noise_weights: [0.0, 0.1, 0.5, 1]
noise_weight 0.0 train_size 1000
10.272350311279297 9.928117752075195 10.57754135131836 10.003804206848145 9.596118927001953 10.71908187866211 8.54111099243164 9.154738426208496 10.203998565673828 10.012870788574219 
noise_weight 0.0 train_size 2500
6.697441101074219 6.517267227172852 6.45787239074707 6.63114070892334 6.4499993324279785 6.625075340270996 6.5081071853637695 5.4130401611328125 6.66074800491333 6.847223281860352 
noise_weight 0.0 train_size 5000
4.231524467468262 4.650831699371338 5.356698513031006 5.462940216064453 5.263040542602539 4.881190776824951 5.136401176452637 4.732617378234863 5.119487762451172 4.8546953201293945 
noise_weight 0.0 train_size 7500
4.597984790802002 4.422180652618408 4.730815887451172 4.58291482925415 4.579017639160156 4.574584484100342 4.944699287414551 5.043598651885986 4.890899181365967 4.016726016998291 
noise_weight 0.0 train_size 10000
3.7120461463928223 4.459680080413818 4.551729202270508 4.47006368637085 4.392254829406738 4.467137336730957 4.466391563415527 4.275179862976074 4.078399658203125 4.204828262329102 
noise_weight 0.0 train_size 30000
3.6725502014160156 3.6355936527252197 3.691113233566284 3.318772554397583 3.3486790657043457 3.778090000152588 3.592975378036499 3.146348476409912 3.489889144897461 3.466200828552246 
noise_weight 0.0 train_size 60000
3.6283814907073975 3.4908366203308105 3.3118896484375 3.51493763923645 3.6475062370300293 3.223097562789917 3.2190141677856445 3.2935988903045654 3.4595770835876465 3.715419054031372 

noise_weight 0.1 train_size 1000
8.862613677978516 10.173673629760742 9.628608703613281 10.460826873779297 9.491727828979492 10.050363540649414 8.377641677856445 9.385787010192871 10.080639839172363 9.568181991577148 
noise_weight 0.1 train_size 2500
5.907264232635498 5.870759010314941 6.368688583374023 6.042029857635498 6.780391216278076 6.67020845413208 6.495823860168457 6.553443431854248 6.306142807006836 5.432036399841309 
noise_weight 0.1 train_size 5000
5.336531639099121 5.1197662353515625 4.939338684082031 5.294931411743164 5.1870927810668945 5.258292198181152 5.152853965759277 5.3655900955200195 5.235372066497803 5.000868797302246 
noise_weight 0.1 train_size 7500
4.987245559692383 4.657485008239746 4.036317825317383 4.916314125061035 4.802786350250244 4.776671409606934 4.598917007446289 4.7733964920043945 4.717583656311035 4.712484836578369 
noise_weight 0.1 train_size 10000
4.76161527633667 4.517380714416504 4.446006774902344 4.334628582000732 4.476952075958252 4.705753803253174 4.168093681335449 4.419257164001465 4.6771321296691895 3.9619429111480713 
noise_weight 0.1 train_size 30000
3.8588335514068604 3.567246198654175 3.828118324279785 3.898784637451172 3.700270175933838 3.8639888763427734 3.5582821369171143 3.771365165710449 3.697265863418579 3.6657767295837402 
noise_weight 0.1 train_size 60000
3.7440550327301025 3.1890552043914795 3.3810787200927734 3.3749911785125732 3.6621952056884766 3.568509817123413 3.2806615829467773 3.5677490234375 2.983677387237549 3.580559730529785 

noise_weight 0.5 train_size 1000
9.17910385131836 8.515663146972656 8.72984504699707 8.968591690063477 8.732762336730957 8.971214294433594 8.589948654174805 9.26826286315918 9.025891304016113 8.931816101074219 
noise_weight 0.5 train_size 2500
5.078670501708984 5.088708877563477 5.100792407989502 5.238192558288574 5.101434230804443 5.0170087814331055 5.122379779815674 4.932126998901367 5.104651927947998 5.121883869171143 
noise_weight 0.5 train_size 5000
3.63828706741333 3.769078493118286 3.6273300647735596 3.8432397842407227 3.814568519592285 3.7460525035858154 3.7479946613311768 3.636342763900757 3.7118802070617676 3.647089958190918 
noise_weight 0.5 train_size 7500
3.7809112071990967 3.4368951320648193 3.765967845916748 3.5625109672546387 3.6550302505493164 3.507749080657959 3.620814800262451 3.5945069789886475 3.6889803409576416 3.686107873916626 
noise_weight 0.5 train_size 10000
3.3276519775390625 3.30189847946167 3.394994020462036 3.2471892833709717 3.3249294757843018 3.2587032318115234 3.394608736038208 3.4228196144104004 3.266134738922119 3.3419039249420166 
noise_weight 0.5 train_size 30000
2.516615629196167 2.646219253540039 2.5099120140075684 2.458763599395752 2.6059341430664062 2.499305248260498 2.5244781970977783 2.6226301193237305 2.5565848350524902 2.6071176528930664 
noise_weight 0.5 train_size 60000
2.499799966812134 2.545441150665283 2.3376293182373047 2.4920265674591064 2.4703009128570557 2.4044041633605957 2.395890235900879 2.38673734664917 2.493420124053955 2.4683752059936523 

noise_weight 1 train_size 1000
4.5203142166137695 4.222123146057129 4.4385786056518555 4.369283676147461 4.555184364318848 4.344173431396484 4.258750915527344 4.242706298828125 4.185074329376221 4.388221740722656 
noise_weight 1 train_size 2500
1.9389309883117676 2.1794273853302 2.2150943279266357 2.221269130706787 2.399770736694336 2.1170246601104736 2.2594587802886963 2.2582926750183105 1.8946418762207031 2.200096845626831 
noise_weight 1 train_size 5000
1.596343994140625 1.5261496305465698 1.3412808179855347 1.354236364364624 1.5180495977401733 1.4056360721588135 1.3278847932815552 1.4475178718566895 1.3797835111618042 1.3430625200271606 
noise_weight 1 train_size 7500
1.4582637548446655 1.3737871646881104 1.3529497385025024 1.4030612707138062 1.3340457677841187 1.4660805463790894 1.5225781202316284 1.3186137676239014 1.3849120140075684 1.340253233909607 
noise_weight 1 train_size 10000
1.302721381187439 1.326134443283081 1.275695562362671 1.546994924545288 1.3391790390014648 1.3960554599761963 1.319238543510437 1.4332988262176514 1.2702367305755615 1.2317380905151367 
noise_weight 1 train_size 30000
0.9622634053230286 0.8941707015037537 0.9276670217514038 0.8544614911079407 0.9310276508331299 1.1381590366363525 0.9293289184570312 0.8691459894180298 0.9436697959899902 0.8640986084938049 
noise_weight 1 train_size 60000
0.9878597259521484 0.9552602171897888 0.9357024431228638 1.018080472946167 0.9308921098709106 1.0899145603179932 1.1139464378356934 0.8960661888122559 0.9311091899871826 0.9113681316375732 

