train_sizes: [1000, 2500, 5000, 7500, 10000, 30000, 60000]
noise_weights: [0.0, 0.1, 0.5, 1]
noise_weight 0.0 train_size 1000
8.323357582092285 8.686365127563477 8.348204612731934 7.898185729980469 8.894598960876465 8.267380714416504 9.096418380737305 8.54975700378418 8.921971321105957 9.206208229064941 
noise_weight 0.0 train_size 2500
5.040204048156738 5.015303134918213 5.081768035888672 5.138427734375 5.229499816894531 4.9867706298828125 4.686615467071533 5.355684280395508 4.957691192626953 4.992349624633789 
noise_weight 0.0 train_size 5000
3.942155361175537 3.808248519897461 3.6591858863830566 3.5280814170837402 3.776310920715332 3.780909538269043 3.621649742126465 2.95682954788208 3.292898654937744 3.644929885864258 
noise_weight 0.0 train_size 7500
2.788646697998047 2.7574760913848877 3.3003835678100586 2.6634020805358887 3.341277837753296 3.182603120803833 3.1823816299438477 3.2604031562805176 3.2574996948242188 2.9909214973449707 
noise_weight 0.0 train_size 10000
3.1645185947418213 2.5360779762268066 2.7752878665924072 2.4875214099884033 3.0260870456695557 2.683427333831787 2.9102463722229004 2.820038318634033 2.5430989265441895 2.8308634757995605 
noise_weight 0.0 train_size 30000
1.8550796508789062 1.9443275928497314 1.917001485824585 1.9279704093933105 2.0153656005859375 1.9611728191375732 2.202404022216797 1.8613163232803345 1.9582436084747314 1.8683421611785889 
noise_weight 0.0 train_size 60000
1.7782926559448242 1.994521141052246 1.7660243511199951 1.7809276580810547 1.7601070404052734 1.8244585990905762 1.830344796180725 1.9756823778152466 1.828948736190796 1.8352822065353394 

noise_weight 0.1 train_size 1000
7.501852035522461 8.45264720916748 9.224517822265625 8.290739059448242 8.385506629943848 9.269701957702637 8.43801498413086 8.541049003601074 7.938865661621094 8.845229148864746 
noise_weight 0.1 train_size 2500
5.072501182556152 4.956560134887695 5.080206871032715 5.0671281814575195 5.523968696594238 5.071601867675781 5.053964614868164 4.947993278503418 4.147489070892334 4.852684020996094 
noise_weight 0.1 train_size 5000
3.967259645462036 3.6796369552612305 3.2614591121673584 3.749020576477051 3.6328999996185303 3.605855941772461 3.5415267944335938 3.725257396697998 2.8890528678894043 3.684227466583252 
noise_weight 0.1 train_size 7500
2.67852783203125 2.7961418628692627 3.3827385902404785 2.8797593116760254 3.234689235687256 3.490842342376709 3.2991251945495605 2.7268290519714355 3.2453701496124268 3.3685665130615234 
noise_weight 0.1 train_size 10000
2.8179736137390137 2.7518582344055176 2.5185766220092773 2.798511266708374 3.0112318992614746 2.5668060779571533 2.852423667907715 2.4438884258270264 2.4568233489990234 2.7730579376220703 
noise_weight 0.1 train_size 30000
1.9086918830871582 1.8990334272384644 1.9746040105819702 1.984246850013733 1.929375171661377 1.8469583988189697 1.9078114032745361 2.208077907562256 1.963369607925415 2.0128931999206543 
noise_weight 0.1 train_size 60000
1.8548195362091064 1.8710376024246216 1.854032039642334 1.9068201780319214 1.7920533418655396 1.7488336563110352 1.8845372200012207 2.0121676921844482 1.913871169090271 1.7582584619522095 

noise_weight 0.5 train_size 1000
7.058102130889893 6.923809051513672 7.101498603820801 7.070521831512451 7.09645938873291 7.256982326507568 6.9060821533203125 7.1741204261779785 7.018614292144775 7.070941925048828 
noise_weight 0.5 train_size 2500
3.1458845138549805 3.180241823196411 3.0020604133605957 3.17667555809021 2.9898383617401123 2.869755268096924 3.0186591148376465 2.961083173751831 3.0799121856689453 3.0550665855407715 
noise_weight 0.5 train_size 5000
1.8467786312103271 1.8083833456039429 1.9339625835418701 1.8719112873077393 1.6914823055267334 1.802381157875061 1.7980252504348755 1.730194091796875 1.7797257900238037 1.8063709735870361 
noise_weight 0.5 train_size 7500
1.5976057052612305 1.6077399253845215 1.661658525466919 1.6495029926300049 1.6594173908233643 1.6993992328643799 1.515810489654541 1.7024996280670166 1.5869501829147339 1.6182799339294434 
noise_weight 0.5 train_size 10000
1.4355013370513916 1.3639965057373047 1.3474315404891968 1.4055731296539307 1.3662478923797607 1.4182623624801636 1.3197283744812012 1.4288569688796997 1.340355396270752 1.2928345203399658 
noise_weight 0.5 train_size 30000
0.7853609323501587 0.7671979665756226 0.8199794888496399 0.8285440802574158 0.7791953086853027 0.7369710803031921 0.7518573999404907 0.6605010032653809 0.7129374742507935 0.7988400459289551 
noise_weight 0.5 train_size 60000
0.697826623916626 0.7019404172897339 0.6916234493255615 0.8310612440109253 0.6757514476776123 0.709480345249176 0.6918514966964722 0.750873863697052 0.712390661239624 0.6727588176727295 

noise_weight 1 train_size 1000
2.1554603576660156 2.291177749633789 1.8586581945419312 2.2373552322387695 2.5007524490356445 1.8495147228240967 2.174851179122925 2.32448148727417 1.964640736579895 2.2705297470092773 
noise_weight 1 train_size 2500
0.7171792984008789 0.6407831907272339 0.6276845932006836 0.6809499263763428 0.661898136138916 0.6380816102027893 0.6440004110336304 0.6367893815040588 0.7203918695449829 0.6699306964874268 
noise_weight 1 train_size 5000
0.3733276128768921 0.39211505651474 0.3793312609195709 0.3745598793029785 0.3726567029953003 0.38348811864852905 0.3957674205303192 0.3985708951950073 0.410316526889801 0.35890519618988037 
noise_weight 1 train_size 7500
0.4387950003147125 0.38224008679389954 0.3739317059516907 0.3806493580341339 0.39848440885543823 0.39418041706085205 0.39944151043891907 0.42837634682655334 0.4002932906150818 0.3931879997253418 
noise_weight 1 train_size 10000
0.34428882598876953 0.3637414574623108 0.3751010596752167 0.3852512836456299 0.33358389139175415 0.36933380365371704 0.41307491064071655 0.3532736301422119 0.3566582202911377 0.35989832878112793 
noise_weight 1 train_size 30000
0.2562134265899658 0.24418577551841736 0.2514883875846863 0.26297593116760254 0.26989781856536865 0.2709486782550812 0.2759985327720642 0.28398191928863525 0.2796172797679901 0.26721861958503723 
noise_weight 1 train_size 60000
0.24762669205665588 0.24764752388000488 0.2482643574476242 0.2530190348625183 0.2550997734069824 0.23770761489868164 0.25666242837905884 0.23076976835727692 0.26019904017448425 0.24929219484329224 

