noise_weight: 0.0
mean_line: tensor([8.6192, 5.0484, 3.6011, 3.0725, 2.7777, 1.9511, 1.8375])
std_line: tensor([0.4155, 0.1775, 0.2874, 0.2520, 0.2211, 0.1018, 0.0829])
noise_weight: 0.1
mean_line: tensor([8.4888, 4.9774, 3.5736, 3.1103, 2.6991, 1.9635, 1.8596])
std_line: tensor([0.5386, 0.3410, 0.2989, 0.3056, 0.1906, 0.0988, 0.0791])
noise_weight: 0.5
mean_line: tensor([7.0677, 3.0479, 1.8069, 1.6299, 1.3719, 0.7641, 0.7136])
std_line: tensor([0.1046, 0.1002, 0.0683, 0.0567, 0.0486, 0.0510, 0.0467])
noise_weight: 1.0
mean_line: tensor([2.1627, 0.6638, 0.3839, 0.3990, 0.3654, 0.2663, 0.2486])
std_line: tensor([0.2119, 0.0333, 0.0152, 0.0204, 0.0223, 0.0127, 0.0088])
