Train sizes
[1000, 10000, 20000, 30000, 40000, 50000, 60000]
Acc_list
tensor([[0.2724, 0.2970, 0.3238, 0.3412, 0.3132, 0.3376, 0.2317, 0.2778, 0.3287,
         0.2981],
        [0.6996, 0.7096, 0.7252, 0.7241, 0.7120, 0.7308, 0.6908, 0.7048, 0.7153,
         0.7235],
        [0.7945, 0.7901, 0.7732, 0.7870, 0.7806, 0.7817, 0.8011, 0.7515, 0.7746,
         0.7887],
        [0.8153, 0.8208, 0.8251, 0.8250, 0.8248, 0.8120, 0.8015, 0.8233, 0.8107,
         0.8135],
        [0.8278, 0.8379, 0.8454, 0.8374, 0.8335, 0.8436, 0.8376, 0.7855, 0.8373,
         0.8383],
        [0.8538, 0.8534, 0.8591, 0.8644, 0.8579, 0.8420, 0.8544, 0.8565, 0.8500,
         0.8583],
        [0.8670, 0.8538, 0.8563, 0.8599, 0.8340, 0.8604, 0.8492, 0.8510, 0.8557,
         0.8476]])
Loss_list
tensor([[1.9526, 1.9329, 2.0186, 2.3144, 1.9025, 2.0054, 2.2557, 2.0450, 2.0486,
         2.0375],
        [1.6382, 1.6114, 1.4978, 1.6204, 1.5888, 1.4110, 1.7488, 1.7536, 1.5952,
         1.5897],
        [1.1102, 1.0959, 1.2486, 1.0609, 1.2440, 1.1913, 1.1531, 1.4590, 1.2384,
         1.1401],
        [1.0246, 0.9160, 0.8917, 0.9062, 0.9501, 1.0439, 1.0786, 0.9405, 1.0259,
         0.9543],
        [0.8706, 0.8001, 0.8514, 0.8640, 0.8612, 0.8401, 0.8246, 1.2828, 0.8228,
         0.8693],
        [0.7697, 0.7679, 0.7124, 0.7519, 0.7587, 0.8410, 0.7294, 0.7924, 0.8852,
         0.7442],
        [0.7212, 0.8011, 0.7324, 0.7597, 0.8538, 0.7698, 0.8327, 0.7861, 0.8057,
         0.7894]])