train_sizes: [1000, 2500, 5000, 7500, 10000, 30000, 60000]
noise_weights: [0.0, 0.1, 0.5, 1]
noise_weight 0.0 train_size 1000
7.66303825378418 8.23475456237793 8.292628288269043 8.072370529174805 8.37537956237793 8.32273006439209 7.780483245849609 8.217599868774414 8.227560043334961 8.152449607849121 
noise_weight 0.0 train_size 2500
4.8842363357543945 4.577755451202393 4.679337501525879 4.241629600524902 4.46406888961792 4.236905574798584 4.494318008422852 4.729946136474609 4.284590721130371 4.775489330291748 
noise_weight 0.0 train_size 5000
2.9539010524749756 3.407754421234131 3.321666717529297 2.667170763015747 3.072147846221924 2.9348807334899902 3.185185670852661 3.2680346965789795 2.9883017539978027 2.561636447906494 
noise_weight 0.0 train_size 7500
2.5813419818878174 2.264982223510742 2.4556052684783936 2.526127815246582 2.1579031944274902 2.3947248458862305 2.4604732990264893 2.739959716796875 2.5954761505126953 2.5184218883514404 
noise_weight 0.0 train_size 10000
2.362175941467285 2.2213966846466064 1.933829426765442 2.2740702629089355 2.2993524074554443 1.9340239763259888 2.297051429748535 2.2168562412261963 1.9326844215393066 2.2131240367889404 
noise_weight 0.0 train_size 30000
1.4099171161651611 1.3000363111495972 1.4998207092285156 1.3103611469268799 1.3435561656951904 1.2645877599716187 1.3779741525650024 1.3472449779510498 1.313838005065918 1.4950940608978271 
noise_weight 0.0 train_size 60000
1.1847419738769531 1.1876552104949951 1.1620025634765625 1.1891250610351562 1.1821362972259521 1.1526882648468018 1.1943180561065674 1.2062016725540161 1.2465639114379883 1.307037591934204 

noise_weight 0.1 train_size 1000
7.253984451293945 8.473505973815918 8.829671859741211 7.312011241912842 8.426156044006348 8.105806350708008 8.070602416992188 6.960785388946533 8.162367820739746 8.249312400817871 
noise_weight 0.1 train_size 2500
4.703556060791016 3.890403985977173 4.228470802307129 4.537030220031738 4.144281387329102 4.4799699783325195 4.337660312652588 4.754374980926514 4.745570182800293 3.8016350269317627 
noise_weight 0.1 train_size 5000
3.2648987770080566 3.0034117698669434 2.8648123741149902 3.0762293338775635 2.8260908126831055 2.4090354442596436 3.1888880729675293 3.005377769470215 3.1127336025238037 3.272020101547241 
noise_weight 0.1 train_size 7500
2.5393857955932617 2.889662742614746 2.4937682151794434 2.547731637954712 2.2278168201446533 2.6733176708221436 2.4401695728302 2.552658796310425 2.559403419494629 2.5211007595062256 
noise_weight 0.1 train_size 10000
2.192828893661499 2.144566059112549 2.1189088821411133 2.23343563079834 2.1649129390716553 2.3756344318389893 2.0757551193237305 1.9153536558151245 2.071397304534912 2.344529151916504 
noise_weight 0.1 train_size 30000
1.3451348543167114 1.370147943496704 1.2869924306869507 1.3718374967575073 1.3272596597671509 1.2860119342803955 1.4597375392913818 1.401472806930542 1.2771806716918945 1.3794810771942139 
noise_weight 0.1 train_size 60000
1.1866967678070068 1.2023694515228271 1.1716389656066895 1.1416388750076294 1.2267132997512817 1.1887389421463013 1.186283826828003 1.206052541732788 1.1545990705490112 1.1832340955734253 

noise_weight 0.5 train_size 1000
6.035292148590088 5.942587852478027 5.92397403717041 6.553099155426025 6.0788679122924805 6.071501731872559 5.985114574432373 6.18651008605957 6.165286064147949 6.183955192565918 
noise_weight 0.5 train_size 2500
1.5155271291732788 1.5375995635986328 1.873491644859314 1.6980412006378174 1.663151741027832 1.603704571723938 1.5900154113769531 1.8227754831314087 1.6890276670455933 1.7454910278320312 
noise_weight 0.5 train_size 5000
0.6174858808517456 0.688214898109436 0.6330076456069946 0.7041698694229126 0.5744668245315552 0.54075026512146 0.6048810482025146 0.6345384120941162 0.6470260620117188 0.6342392563819885 
noise_weight 0.5 train_size 7500
0.5312783718109131 0.5721256732940674 0.5377167463302612 0.5279837250709534 0.4492586851119995 0.4535031318664551 0.4682192802429199 0.49483776092529297 0.47355103492736816 0.4904172420501709 
noise_weight 0.5 train_size 10000
0.3545796871185303 0.3042224943637848 0.35180139541625977 0.3606659770011902 0.3432668447494507 0.28261399269104004 0.401491641998291 0.3621220290660858 0.3565194606781006 0.35088449716567993 
noise_weight 0.5 train_size 30000
0.17157115042209625 0.18959307670593262 0.1907934546470642 0.15819060802459717 0.1670168936252594 0.18181772530078888 0.16649383306503296 0.17104202508926392 0.1390756368637085 0.1832571029663086 
noise_weight 0.5 train_size 60000
0.17296180129051208 0.19077163934707642 0.13260716199874878 0.15034836530685425 0.16547462344169617 0.21512055397033691 0.1531149446964264 0.1781483292579651 0.13860386610031128 0.16322743892669678 

noise_weight 1 train_size 1000
1.0007718801498413 1.2139971256256104 1.0804996490478516 1.1410102844238281 1.0658035278320312 1.2252233028411865 1.3330529928207397 1.0673906803131104 1.1031728982925415 1.1146886348724365
noise_weight 1 train_size 2500
0.26524457335472107 0.2795601785182953 0.24513772130012512 0.3209214210510254 0.2463291436433792 0.2960220277309418 0.288887619972229 0.2554028630256653 0.23922035098075867 0.2669799327850342
noise_weight 1 train_size 5000
0.1961379051208496 0.1861620992422104 0.17910414934158325 0.16349241137504578 0.20496293902397156 0.19062381982803345 0.189565509557724 0.19203415513038635 0.17551860213279724 0.19609028100967407
noise_weight 1 train_size 7500
0.16641122102737427 0.17141824960708618 0.177943617105484 0.17175734043121338 0.16484278440475464 0.16083502769470215 0.16743093729019165 0.16881483793258667 0.16984784603118896 0.18634817004203796
noise_weight 1 train_size 10000
0.1560789942741394 0.14063942432403564 0.1547568142414093 0.15100142359733582 0.14356371760368347 0.14667513966560364 0.1329261064529419 0.16323894262313843 0.16293424367904663 0.1444615125656128
noise_weight 1 train_size 30000
0.11536833643913269 0.10799024999141693 0.10491925477981567 0.1115228533744812 0.1031794548034668 0.10388174653053284 0.11219936609268188 0.10545787215232849 0.10076402127742767 0.10670209676027298
noise_weight 1 train_size 60000
0.11557590961456299 0.11676394939422607 0.10936219990253448 0.1171373650431633 0.1182834804058075 0.11224600672721863 0.11364489793777466 0.10712021589279175 0.10335972905158997 0.11819799244403839
