noise_weight: 0.0
mean_line: tensor([8.1339, 4.5368, 3.0361, 2.4695, 2.1685, 1.3662, 1.2012])
std_line: tensor([0.2347, 0.2321, 0.2744, 0.1673, 0.1684, 0.0802, 0.0450])
noise_weight: 0.1
mean_line: tensor([7.9844, 4.3623, 3.0023, 2.5445, 2.1637, 1.3505, 1.1848])
std_line: tensor([0.6061, 0.3439, 0.2574, 0.1668, 0.1348, 0.0581, 0.0247])
noise_weight: 0.5
mean_line: tensor([6.1126, 1.6739, 0.6279, 0.4999, 0.3468, 0.1719, 0.1660])
std_line: tensor([0.1816, 0.1172, 0.0483, 0.0408, 0.0326, 0.0157, 0.0247])
noise_weight: 1.0
mean_line: tensor([1.1346, 0.2704, 0.1874, 0.1706, 0.1496, 0.1072, 0.1132])
std_line: tensor([0.0974, 0.0260, 0.0119, 0.0072, 0.0098, 0.0046, 0.0051])
