ts 10k
mean
tensor([[  0.0000,  21.6865,  21.7011],
        [ 50.0000,  12.8763,  12.7406],
        [100.0000,  10.1184,   9.9813],
        [150.0000,   7.4380,   7.3949],
        [200.0000,   6.0911,   5.6383],
        [250.0000,   5.5430,   5.4532],
        [300.0000,   4.9850,   4.7569],
        [350.0000,   4.9446,   4.5968],
        [400.0000,   4.8478,   4.4189],
        [450.0000,   4.7142,   4.5009],
        [500.0000,   4.6343,   4.4678]])
std
tensor([[0.0000, 0.1411, 0.0934],
        [0.0000, 0.4742, 0.4696],
        [0.0000, 1.5104, 1.3662],
        [0.0000, 0.5005, 0.3308],
        [0.0000, 0.7101, 0.5325],
        [0.0000, 0.5960, 0.6205],
        [0.0000, 0.4763, 0.4115],
        [0.0000, 0.5152, 0.3777],
        [0.0000, 0.3806, 0.3506],
        [0.0000, 0.3766, 0.3070],
        [0.0000, 0.3531, 0.4716]])
ts 30k
mean
tensor([[  0.0000,  21.4363,  21.5044],
        [ 50.0000,   7.5979,   7.3189],
        [100.0000,   5.0313,   4.7924],
        [150.0000,   4.5316,   4.3525],
        [200.0000,   4.4503,   4.0822],
        [250.0000,   4.2538,   3.9918],
        [300.0000,   4.0979,   3.9103],
        [350.0000,   3.9436,   3.8153],
        [400.0000,   3.8939,   3.8019],
        [450.0000,   3.8756,   3.5403],
        [500.0000,   3.8934,   3.6324]])
std
tensor([[0.0000, 0.1231, 0.1324],
        [0.0000, 0.2167, 0.4349],
        [0.0000, 0.5212, 0.3886],
        [0.0000, 0.2959, 0.2050],
        [0.0000, 0.2030, 0.1922],
        [0.0000, 0.2939, 0.2301],
        [0.0000, 0.3305, 0.2605],
        [0.0000, 0.2796, 0.2156],
        [0.0000, 0.3055, 0.1466],
        [0.0000, 0.2791, 0.1814],
        [0.0000, 0.2588, 0.2149]])
ts 60k
mean
tensor([[  0.0000,  20.9961,  21.0119],
        [ 50.0000,   4.7321,   4.7688],
        [100.0000,   4.4472,   4.1310],
        [150.0000,   4.0580,   3.9399],
        [200.0000,   4.0555,   3.7753],
        [250.0000,   3.9502,   3.7043],
        [300.0000,   3.6662,   3.5830],
        [350.0000,   3.7605,   3.5136],
        [400.0000,   3.6620,   3.4793],
        [450.0000,   3.6840,   3.3981],
        [500.0000,   3.6551,   3.3605]])
std
tensor([[0.0000, 0.6077, 0.6339],
        [0.0000, 0.2864, 0.3166],
        [0.0000, 0.3865, 0.1947],
        [0.0000, 0.2316, 0.2111],
        [0.0000, 0.2789, 0.2210],
        [0.0000, 0.1867, 0.1964],
        [0.0000, 0.2138, 0.1745],
        [0.0000, 0.3377, 0.2340],
        [0.0000, 0.2204, 0.2021],
        [0.0000, 0.2191, 0.1895],
        [0.0000, 0.2454, 0.1557]])
