noise_weight: 0.0
mean_line: tensor([10.9731,  7.4349,  6.0931,  5.7637,  5.4904,  4.7385,  4.5058])
std_line: tensor([0.5794, 0.5785, 0.3638, 0.3402, 0.3445, 0.2957, 0.2654])
noise_weight: 0.1
mean_line: tensor([11.0638,  7.5195,  6.2238,  5.9824,  5.5424,  4.7215,  4.5651])
std_line: tensor([0.6626, 0.3145, 0.3046, 0.1895, 0.1974, 0.2104, 0.1546])
noise_weight: 0.5
mean_line: tensor([9.8552, 5.7264, 4.4152, 4.2241, 3.9389, 3.1167, 2.9909])
std_line: tensor([0.3641, 0.1760, 0.1016, 0.1264, 0.0712, 0.1300, 0.0939])
noise_weight: 1.0
mean_line: tensor([4.8344, 2.5254, 1.7335, 1.7392, 1.6405, 1.2176, 1.1768])
std_line: tensor([0.1198, 0.0889, 0.0831, 0.1107, 0.0576, 0.0368, 0.0508])
