train_sizes: [1000, 2500, 5000, 7500, 10000, 30000, 60000]
noise_weights: [0.0, 0.1, 0.5, 1]
noise_weight 0.0 train_size 1000
12.024012565612793 10.973222732543945 10.463220596313477 10.93382453918457 11.354808807373047 11.363533020019531 10.736473083496094 9.873481750488281 11.215861320495605 10.792186737060547 
noise_weight 0.0 train_size 2500
6.806839942932129 7.623806953430176 6.97749662399292 7.901358127593994 7.858634948730469 6.247988700866699 7.9388275146484375 7.952227592468262 7.64403772354126 7.397823333740234 
noise_weight 0.0 train_size 5000
6.17588996887207 5.58245849609375 6.45191764831543 6.14503812789917 5.5084943771362305 5.684027194976807 6.479702949523926 6.3484697341918945 6.272767543792725 6.282205104827881 
noise_weight 0.0 train_size 7500
5.675029754638672 5.9248881340026855 5.09074592590332 5.920734882354736 6.295614719390869 6.003396987915039 5.942873954772949 5.708693981170654 5.6991801261901855 5.375381946563721 
noise_weight 0.0 train_size 10000
5.73629093170166 5.484312057495117 5.622738838195801 5.728797435760498 5.552995204925537 5.6521782875061035 5.18004035949707 5.859574317932129 5.412004470825195 4.6753363609313965 
noise_weight 0.0 train_size 30000
4.741231918334961 4.50541353225708 4.528277397155762 4.512660980224609 4.849948406219482 4.606141090393066 5.192747116088867 5.012312889099121 4.314924716949463 5.121315956115723 
noise_weight 0.0 train_size 60000
4.531484603881836 3.9405031204223633 4.286231517791748 4.836960792541504 4.370789527893066 4.556345462799072 4.6443095207214355 4.422262191772461 4.688404083251953 4.780698776245117 

noise_weight 0.1 train_size 1000
11.680635452270508 10.057618141174316 11.461292266845703 10.279524803161621 11.916058540344238 10.89019775390625 11.785552978515625 11.045534133911133 10.358687400817871 11.163208961486816 
noise_weight 0.1 train_size 2500
7.254386901855469 7.337795257568359 7.359454154968262 7.6070966720581055 7.822269439697266 7.451501369476318 8.052316665649414 7.147576332092285 7.9184160232543945 7.24431848526001 
noise_weight 0.1 train_size 5000
6.311379909515381 5.745882987976074 6.281413555145264 6.15101957321167 6.068506240844727 5.769811630249023 6.243842601776123 6.6035637855529785 6.645926475524902 6.416838645935059 
noise_weight 0.1 train_size 7500
6.218299865722656 6.148459434509277 6.228362560272217 5.818484783172607 5.982834339141846 5.8560357093811035 5.631911754608154 6.075554847717285 5.9304962158203125 5.933632850646973 
noise_weight 0.1 train_size 10000
5.835789203643799 5.35929012298584 5.530556678771973 5.758945465087891 5.432226657867432 5.267559051513672 5.713561058044434 5.318508148193359 5.535754203796387 5.671880722045898 
noise_weight 0.1 train_size 30000
4.824891567230225 4.743549346923828 4.615777015686035 4.772806167602539 4.5447797775268555 4.973583698272705 4.256253719329834 4.757248878479004 4.76085090637207 4.965297222137451 
noise_weight 0.1 train_size 60000
4.675330638885498 4.527291297912598 4.507657527923584 4.193948745727539 4.532745838165283 4.5699615478515625 4.786360740661621 4.6055145263671875 4.599879741668701 4.652198314666748 

noise_weight 0.5 train_size 1000
10.251961708068848 9.871294021606445 9.527742385864258 10.646079063415527 9.585222244262695 9.656645774841309 9.77657699584961 9.609312057495117 10.059036254882812 9.567940711975098 
noise_weight 0.5 train_size 2500
6.046257019042969 5.429609298706055 5.790543079376221 5.683720588684082 5.844539165496826 5.721905708312988 5.58937406539917 5.810330867767334 5.537802696228027 5.809655666351318 
noise_weight 0.5 train_size 5000
4.334238052368164 4.2416887283325195 4.447829723358154 4.4485626220703125 4.479931354522705 4.5705671310424805 4.32318115234375 4.498665809631348 4.473916530609131 4.332957744598389 
noise_weight 0.5 train_size 7500
4.303675651550293 4.2105560302734375 4.131043910980225 4.358005523681641 4.0027337074279785 4.156682014465332 4.286677360534668 4.329455375671387 4.086222171783447 4.376344203948975 
noise_weight 0.5 train_size 10000
3.9439940452575684 4.00358772277832 3.9821200370788574 3.8576507568359375 4.027056694030762 4.002416610717773 3.8482580184936523 3.8511600494384766 3.885080099105835 3.987222671508789 
noise_weight 0.5 train_size 30000
3.0184011459350586 3.079578399658203 3.1837575435638428 3.1700503826141357 3.213657855987549 3.019167184829712 2.896846294403076 3.0606484413146973 3.1602835655212402 3.364415168762207 
noise_weight 0.5 train_size 60000
2.888336181640625 3.0211684703826904 2.933748722076416 3.076630115509033 3.1614012718200684 2.906054973602295 3.0335240364074707 2.85652756690979 3.014411211013794 3.016709327697754 

noise_weight 1 train_size 1000
4.9409074783325195 4.966877460479736 4.852255821228027 5.001879692077637 4.719346523284912 4.854057788848877 4.878667831420898 4.6295084953308105 4.753198623657227 4.746965408325195 
noise_weight 1 train_size 2500
2.4543204307556152 2.483051061630249 2.651156425476074 2.4580349922180176 2.626681089401245 2.5401885509490967 2.3807172775268555 2.6000723838806152 2.5888583660125732 2.4711012840270996 
noise_weight 1 train_size 5000
1.6180310249328613 1.8081198930740356 1.686387062072754 1.670715570449829 1.8328392505645752 1.7633602619171143 1.7797846794128418 1.6256074905395508 1.708069920539856 1.8425676822662354 
noise_weight 1 train_size 7500
1.8967032432556152 1.6352002620697021 1.6792410612106323 1.6023942232131958 1.6905527114868164 1.6453077793121338 1.8394808769226074 1.8373295068740845 1.876872181892395 1.6889784336090088 
noise_weight 1 train_size 10000
1.6116359233856201 1.5700868368148804 1.6227425336837769 1.6681373119354248 1.6474860906600952 1.5508712530136108 1.7202346324920654 1.636275291442871 1.7325950860977173 1.644478440284729 
noise_weight 1 train_size 30000
1.1819751262664795 1.1967320442199707 1.2691948413848877 1.173821210861206 1.2225353717803955 1.1746788024902344 1.208155632019043 1.2392410039901733 1.2368844747543335 1.2730977535247803 
noise_weight 1 train_size 60000
1.1892296075820923 1.1569628715515137 1.2262722253799438 1.0769134759902954 1.151174783706665 1.2009799480438232 1.2684991359710693 1.153801441192627 1.174923062324524 1.1688132286071777 

