train_sizes: [1000, 2500, 5000, 7500, 10000, 30000, 60000]
noise_weights: [0.0, 0.1, 0.5, 1]
noise_weight 0.0 train_size 1000
7.401943206787109 7.075660705566406 7.20267915725708 7.313549518585205 5.721933841705322 7.303455352783203 7.067577838897705 6.653670310974121 6.930572509765625 7.306764602661133 
noise_weight 0.0 train_size 2500
4.105188369750977 4.440717697143555 4.580787658691406 4.2673187255859375 3.771238327026367 4.383846282958984 4.174152374267578 4.1398210525512695 4.413865089416504 3.6128954887390137 
noise_weight 0.0 train_size 5000
2.660292148590088 2.690443277359009 2.937800884246826 2.9389052391052246 3.273285388946533 2.8490586280822754 3.146052360534668 2.7675352096557617 2.8144264221191406 2.6645374298095703 
noise_weight 0.0 train_size 7500
2.382643938064575 2.6192550659179688 2.525609254837036 2.589810848236084 2.600536823272705 2.6496167182922363 2.473667621612549 2.6516201496124268 2.5912184715270996 2.260810136795044 
noise_weight 0.0 train_size 10000
2.3708138465881348 2.366307020187378 2.199314594268799 1.987075924873352 1.8365124464035034 2.1844120025634766 2.149339199066162 2.119685649871826 2.395570755004883 2.1705260276794434 
noise_weight 0.0 train_size 30000
2.285715341567993 2.1421914100646973 2.2398600578308105 2.399089813232422 2.0999226570129395 2.0482263565063477 2.0354549884796143 2.3801259994506836 2.367219924926758 2.110600709915161 
noise_weight 0.0 train_size 60000
1.270921230316162 1.2764019966125488 1.1270112991333008 1.2247469425201416 1.1348378658294678 1.1966816186904907 1.2764678001403809 1.2503488063812256 1.1104048490524292 1.3017526865005493 

noise_weight 0.1 train_size 1000
7.591097354888916 7.155481338500977 7.411749839782715 7.629828929901123 7.129376411437988 7.426246643066406 6.772710800170898 7.155872344970703 7.079657554626465 7.059108257293701 
noise_weight 0.1 train_size 2500
4.183928489685059 4.15255069732666 3.636892795562744 4.223211288452148 4.174988269805908 3.87126088142395 4.375693321228027 3.710838556289673 4.136285781860352 4.2204766273498535 
noise_weight 0.1 train_size 5000
3.074401378631592 2.97202205657959 2.8536787033081055 3.0590343475341797 2.8968491554260254 3.1486661434173584 2.9295573234558105 3.053734064102173 3.004452705383301 2.460969924926758 
noise_weight 0.1 train_size 7500
2.5403099060058594 2.438230514526367 2.673464059829712 2.757826805114746 2.647951602935791 2.5916988849639893 2.1012020111083984 2.5079727172851562 2.3498568534851074 2.334414005279541 
noise_weight 0.1 train_size 10000
1.8793590068817139 1.9283931255340576 2.1434454917907715 2.351973533630371 2.394768714904785 2.0599799156188965 2.1924490928649902 2.2423291206359863 2.355102300643921 2.205784797668457 
noise_weight 0.1 train_size 30000
2.443274974822998 2.0377838611602783 1.894761323928833 2.2514686584472656 1.9883623123168945 2.2548437118530273 2.1415157318115234 2.0663084983825684 2.252114772796631 2.320490837097168 
noise_weight 0.1 train_size 60000
1.2011172771453857 1.1989033222198486 1.283493161201477 1.1386765241622925 1.2776788473129272 1.2345890998840332 1.1883087158203125 1.238633632659912 1.2027183771133423 1.2190096378326416 

noise_weight 0.5 train_size 1000
7.293596267700195 7.21331787109375 7.206432819366455 6.91222620010376 6.977334022521973 6.934750556945801 7.293224334716797 7.163886070251465 6.912390232086182 7.559141159057617 
noise_weight 0.5 train_size 2500
5.279353618621826 5.307009696960449 5.379863739013672 5.074731826782227 5.219875335693359 5.225997447967529 5.400307655334473 5.286932945251465 5.368021488189697 5.235385894775391 
noise_weight 0.5 train_size 5000
5.0448760986328125 4.904554843902588 4.965488910675049 5.179986000061035 4.998284816741943 4.976181507110596 5.096437931060791 4.974050045013428 4.890416145324707 4.878692626953125 
noise_weight 0.5 train_size 7500
5.060739994049072 4.899989128112793 4.863884925842285 4.9641852378845215 4.94711971282959 4.835616111755371 4.99298095703125 5.136180877685547 4.888054847717285 5.015688896179199 
noise_weight 0.5 train_size 10000
5.04465913772583 4.87001895904541 4.829041004180908 5.008931636810303 4.906109809875488 4.985307693481445 4.998325347900391 4.940402984619141 4.893610954284668 4.897331237792969 
noise_weight 0.5 train_size 30000
5.036384105682373 4.922972202301025 4.917735576629639 5.031332492828369 4.869402885437012 4.992819786071777 4.984242916107178 5.072592258453369 4.884446620941162 4.931922435760498 
noise_weight 0.5 train_size 60000
1.2231452465057373 1.2233036756515503 1.2025465965270996 1.1978070735931396 1.2145814895629883 1.2243928909301758 1.2009989023208618 1.1821235418319702 1.3059529066085815 